13 1 21.3128 21.3034 0.0146 0.0146
13 2 26.9850 26.9815 0.0076 0.0076
13 3 27.8496 27.8476 0.0069 0.0069
13 4 28.0719 28.0704 0.0067 0.0067
13 5 28.1195 28.1182 0.0066 0.0066
13 6 28.0989 28.0976 0.0067 0.0067
13 7 28.0458 28.0445 0.0067 0.0067
13 8 27.9754 27.9741 0.0068 0.0068
13 9 27.8951 27.8937 0.0068 0.0068
13 10 27.8090 27.8076 0.0069 0.0069
14 1 22.1648 22.1558 0.0132 0.0132
14 2 27.4299 27.4271 0.0072 0.0072
14 3 28.1650 28.1636 0.0066 0.0066
14 4 28.3500 28.3491 0.0065 0.0065
14 5 28.3918 28.3911 0.0064 0.0064
14 6 28.3784 28.3778 0.0065 0.0065
14 7 28.3384 28.3377 0.0065 0.0065
14 8 28.2835 28.2828 0.0065 0.0065
14 9 28.2198 28.2189 0.0066 0.0066
14 10 28.1505 28.1496 0.0066 0.0066
15 1 22.9770 22.9684 0.0120 0.0120
15 2 27.7732 27.7710 0.0069 0.0069
15 3 28.3702 28.3695 0.0065 0.0065
15 4 28.5168 28.5166 0.0063 0.0063
15 5 28.5540 28.5540 0.0063 0.0063
15 6 28.5497 28.5497 0.0063 0.0063
15 7 28.5246 28.5246 0.0063 0.0063
15 8 28.4875 28.4874 0.0064 0.0064
15 9 28.4424 28.4422 0.0064 0.0064
15 10 28.3918 28.3916 0.0064 0.0064
16 1 23.7358 23.7277 0.0110 0.0110
16 2 27.9899 27.9886 0.0067 0.0067
16 3 28.4390 28.4391 0.0064 0.0064
16 4 28.5459 28.5465 0.0063 0.0063
16 5 28.5799 28.5807 0.0063 0.0063
16 6 28.5871 28.5880 0.0063 0.0063
16 7 28.5801 28.5809 0.0063 0.0063
16 8 28.5636 28.5644 0.0063 0.0063
16 9 28.5402 28.5408 0.0063 0.0063
16 10 28.5113 28.5118 0.0064 0.0064
17 1 24.4205 24.4130 0.0102 0.0102
17 2 28.0465 28.0460 0.0067 0.0067
17 3 28.3364 28.3374 0.0065 0.0065
17 4 28.4022 28.4038 0.0064 0.0064
17 5 28.4348 28.4366 0.0064 0.0064
17 6 28.4569 28.4587 0.0064 0.0064
17 7 28.4716 28.4734 0.0064 0.0064
17 8 28.4798 28.4814 0.0064 0.0064
17 9 28.4818 28.4834 0.0064 0.0064
17 10 28.4783 28.4798 0.0064 0.0064
18 1 25.0000 24.9933 0.0095 0.0095
18 2 27.9009 27.9014 0.0068 0.0068
18 3 28.0216 28.0237 0.0067 0.0067
18 4 28.0455 28.0482 0.0067 0.0067
18 5 28.0789 28.0818 0.0067 0.0067
18 6 28.1191 28.1221 0.0066 0.0066
18 7 28.1596 28.1626 0.0066 0.0066
18 8 28.1967 28.1995 0.0066 0.0066
18 9 28.2285 28.2313 0.0066 0.0066
18 10 28.2548 28.2574 0.0065 0.0065
19 1 25.4288 25.4230 0.0090 0.0091
19 2 27.5091 27.5107 0.0071 0.0071
19 3 27.4563 27.4595 0.0072 0.0072
19 4 27.4389 27.4428 0.0072 0.0072
19 5 27.4751 27.4793 0.0072 0.0071
19 6 27.5363 27.5406 0.0071 0.0071
19 7 27.6058 27.6100 0.0070 0.0070
19 8 27.6751 27.6793 0.0070 0.0070
19 9 27.7405 27.7446 0.0069 0.0069
19 10 27.8002 27.8041 0.0069 0.0069
20 1 25.6445 25.6398 0.0088 0.0088
20 2 26.8373 26.8399 0.0077 0.0077
20 3 26.6173 26.6217 0.0079 0.0079
20 4 26.5618 26.5669 0.0079 0.0079
20 5 26.6023 26.6078 0.0079 0.0079
20 6 26.6855 26.6910 0.0078 0.0078
20 7 26.7849 26.7905 0.0077 0.0077
20 8 26.8878 26.8934 0.0076 0.0076
20 9 26.9882 26.9937 0.0076 0.0076
20 10 27.0831 27.0885 0.0075 0.0075
21 1 25.5752 25.5716 0.0089 0.0089
21 2 25.8753 25.8789 0.0086 0.0086
21 3 25.5071 25.5125 0.0090 0.0090
21 4 25.4190 25.4253 0.0091 0.0090
21 5 25.4645 25.4712 0.0090 0.0090
21 6 25.5684 25.5752 0.0089 0.0089
21 7 25.6959 25.7028 0.0088 0.0088
21 8 25.8305 25.8374 0.0086 0.0086
21 9 25.9642 25.9710 0.0085 0.0085
21 10 26.0929 26.0997 0.0084 0.0084
22 1 25.1583 25.1557 0.0093 0.0093
22 2 24.6428 24.6472 0.0099 0.0099
22 3 24.1543 24.1607 0.0105 0.0105
22 4 24.0408 24.0480 0.0106 0.0106
22 5 24.0910 24.0987 0.0106 0.0106
22 6 24.2125 24.2204 0.0104 0.0104
22 7 24.3639 24.3719 0.0102 0.0102
22 8 24.5256 24.5336 0.0100 0.0100
22 9 24.6880 24.6960 0.0099 0.0098
22 10 24.8463 24.8542 0.0097 0.0097
23 1 24.3676 24.3660 0.0102 0.0102
23 2 23.1830 23.1881 0.0117 0.0117
23 3 22.6047 22.6117 0.0126 0.0125
23 4 22.4725 22.4804 0.0128 0.0127
23 5 22.5267 22.5352 0.0127 0.0127
23 6 22.6620 22.6707 0.0125 0.0125
23 7 22.8320 22.8408 0.0122 0.0122
23 8 23.0149 23.0238 0.0120 0.0120
23 9 23.1999 23.2089 0.0117 0.0117
23 10 23.3816 23.3906 0.0115 0.0115
